CSS Name,Size,Minifier,Minified,Minified,Trimmed,Trimmed,Iterations,Refactored,Refactored,Reduced,Reduced
amazon,119905,cleancss,3343,2.78,132,0.11,48,3022,2.52,6365,5.30
amazon,119905,cssmin,80,0.06,577,0.48,38,4283,3.57,4363,3.63
amazon,119905,cssnano,4917,4.10,260,0.21,31,2292,1.91,7209,6.01
amazon,119905,csso,3067,2.55,294,0.24,39,2929,2.44,5996,5.00
archlinux,11956,cleancss,118,0.98,0,0,43,721,6.03,839,7.01
archlinux,11956,cssmin,6,0.05,0,0,47,793,6.63,799,6.68
archlinux,11956,cssnano,143,1.19,0,0,41,703,5.87,846,7.07
archlinux,11956,csso,609,5.09,0,0,26,353,2.95,962,8.04
arxiv,12161,cleancss,323,2.65,0,0,31,936,7.69,1259,10.35
arxiv,12161,cssmin,24,0.19,0,0,29,1009,8.29,1033,8.49
arxiv,12161,cssnano,0,0,0,0,32,1084,8.91,1084,8.91
arxiv,12161,csso,1290,10.60,0,0,22,516,4.24,1806,14.85
baidu-1,14484,cleancss,1050,7.24,0,0,27,689,4.75,1739,12.00
baidu-1,14484,cssmin,5,0.03,0,0,32,933,6.44,938,6.47
baidu-1,14484,cssnano,254,1.75,30,0.20,24,746,5.15,1000,6.90
baidu-1,14484,csso,681,4.70,9,0.06,21,439,3.03,1120,7.73
baidu-2,3996,cleancss,405,10.13,0,0,9,145,3.62,550,13.76
baidu-2,3996,cssmin,0,0,0,0,12,269,6.73,269,6.73
baidu-2,3996,cssnano,83,2.07,0,0,7,186,4.65,269,6.73
baidu-2,3996,csso,206,5.15,0,0,4,141,3.52,347,8.68
baidu-3,12047,cleancss,150,1.24,0,0,6,65,0.53,215,1.78
baidu-3,12047,cssmin,0,0,0,0,6,65,0.53,65,0.53
baidu-3,12047,cssnano,67,0.55,0,0,6,65,0.53,132,1.09
baidu-3,12047,csso,211,1.75,0,0,3,15,0.12,226,1.87
bing,52738,cleancss,13545,25.68,33,0.06,83,2200,4.17,15745,29.85
bing,52738,cssmin,102,0.19,11024,20.90,73,13075,24.79,13177,24.98
bing,52738,cssnano,102,0.19,11024,20.90,72,13065,24.77,13167,24.96
bing,52738,csso,12633,23.95,16,0.03,63,1408,2.66,14041,26.62
cnn,41752,cleancss,5634,13.49,0,0,36,4452,10.66,10086,24.15
cnn,41752,cssmin,119,0.28,2728,6.53,43,7580,18.15,7699,18.43
cnn,41752,cssnano,119,0.28,2728,6.53,43,7580,18.15,7699,18.43
cnn,41752,csso,6870,16.45,0,0,38,3069,7.35,9939,23.80
dblp,25661,cleancss,1496,5.82,0,0,89,3362,13.10,4858,18.93
dblp,25661,cssmin,914,3.56,0,0,85,3536,13.77,4450,17.34
dblp,25661,cssnano,1879,7.32,0,0,82,3059,11.92,4938,19.24
dblp,25661,csso,4371,17.03,0,0,37,684,2.66,5055,19.69
ebay,131308,cleancss,8464,6.44,44,0.03,40,3563,2.71,12027,9.15
ebay,131308,cssmin,0,0,5764,4.38,37,9345,7.11,9345,7.11
ebay,131308,cssnano,12082,9.20,351,0.26,41,3421,2.60,15503,11.80
ebay,131308,csso,9150,6.96,711,0.54,39,3569,2.71,12719,9.68
facebook1,45918,cleancss,332,0.72,0,0,75,3927,8.55,4259,9.27
facebook1,45918,cssmin,161,0.35,0,0,79,3949,8.60,4110,8.95
facebook1,45918,cssnano,1055,2.29,0,0,69,3087,6.72,4142,9.02
facebook1,45918,csso,2020,4.39,0,0,65,2038,4.43,4058,8.83
github,186641,cleancss,2352,1.26,0,0,15,2494,1.33,4846,2.59
github,186641,cssmin,420,0.22,46,0.02,14,2522,1.35,2942,1.57
github,186641,cssnano,420,0.22,46,0.02,14,2522,1.35,2942,1.57
github,186641,csso,5691,3.04,9,0,16,2029,1.08,7720,4.13
google-1,9985,cleancss,599,5.99,0,0,27,477,4.77,1076,10.77
google-1,9985,cssmin,210,2.10,0,0,28,506,5.06,716,7.17
google-1,9985,cssnano,1581,15.83,0,0,24,397,3.97,1978,19.80
google-1,9985,csso,451,4.51,0,0,26,423,4.23,874,8.75
google-2,4429,cleancss,155,3.49,0,0,19,307,6.93,462,10.43
google-2,4429,cssmin,8,0.18,0,0,22,363,8.19,371,8.37
google-2,4429,cssnano,164,3.70,0,0,17,297,6.70,461,10.40
google-2,4429,csso,123,2.77,0,0,17,297,6.70,420,9.48
googlenews-1,70262,cleancss,1682,2.39,92,0.13,45,6554,9.32,8236,11.72
googlenews-1,70262,cssmin,117,0.16,137,0.19,46,6813,9.69,6930,9.86
googlenews-1,70262,cssnano,117,0.16,137,0.19,46,6813,9.69,6930,9.86
googlenews-1,70262,csso,4269,6.07,0,0,41,5052,7.19,9321,13.26
googlenews-2,35454,cleancss,1102,3.10,0,0,94,2893,8.15,3995,11.26
googlenews-2,35454,cssmin,120,0.33,41,0.11,101,3038,8.56,3158,8.90
googlenews-2,35454,cssnano,120,0.33,41,0.11,101,3038,8.56,3158,8.90
googlenews-2,35454,csso,1538,4.33,0,0,81,2364,6.66,3902,11.00
guardian,180753,cleancss,10588,5.85,0,0,17,4505,2.49,15093,8.35
guardian,180753,cssmin,-18850,-10.42,17562,9.71,15,22851,12.64,4001,2.21
guardian,180753,cssnano,12802,7.08,0,0,16,2770,1.53,15572,8.61
guardian,180753,csso,13455,7.44,0,0,18,3060,1.69,16515,9.13
imdb-1,200068,cleancss,11839,5.91,398,0.19,18,3709,1.85,15548,7.77
imdb-1,200068,cssmin,1304,0.65,4558,2.27,15,8006,4.00,9310,4.65
imdb-1,200068,cssnano,1304,0.65,4558,2.27,14,7845,3.92,9149,4.57
imdb-1,200068,csso,11166,5.58,3453,1.72,15,5210,2.60,16376,8.18
imdb-2,18720,cleancss,933,4.98,0,0,16,471,2.51,1404,7.50
imdb-2,18720,cssmin,118,0.63,0,0,19,908,4.85,1026,5.48
imdb-2,18720,cssnano,118,0.63,0,0,19,908,4.85,1026,5.48
imdb-2,18720,csso,784,4.18,0,0,11,343,1.83,1127,6.02
imgur-2,110360,cleancss,2233,2.02,25,0.02,48,2297,2.08,4530,4.10
imgur-2,110360,cssmin,190,0.17,25,0.02,49,2396,2.17,2586,2.34
imgur-2,110360,cssnano,190,0.17,25,0.02,48,2368,2.14,2558,2.31
imgur-2,110360,csso,951,0.86,0,0,46,2076,1.88,3027,2.74
instagram,108937,cleancss,555,0.50,0,0,11,7536,6.91,8091,7.42
instagram,108937,cssmin,234,0.21,0,0,11,7398,6.79,7632,7.00
instagram,108937,cssnano,234,0.21,0,0,11,7464,6.85,7698,7.06
instagram,108937,csso,806,0.73,0,0,11,7070,6.48,7876,7.22
linkedin,54383,cleancss,3605,6.62,106,0.19,43,11815,21.72,15420,28.35
linkedin,54383,cssmin,742,1.36,480,0.88,62,13686,25.16,14428,26.53
linkedin,54383,csso,8742,16.07,304,0.55,41,6046,11.11,14788,27.19
londonist,71236,cleancss,3264,4.58,51,0.07,40,1765,2.47,5029,7.05
londonist,71236,cssmin,902,1.26,451,0.63,54,3248,4.55,4150,5.82
londonist,71236,cssnano,2248,3.15,261,0.36,32,1861,2.61,4109,5.76
londonist,71236,csso,4795,6.73,0,0,38,1781,2.50,6576,9.23
microsoft-2,105308,cleancss,23839,22.63,16,0.01,65,2615,2.48,26454,25.12
microsoft-2,105308,cssmin,0,0,8040,7.63,118,18331,17.40,18331,17.40
microsoft-2,105308,cssnano,13704,13.01,142,0.13,86,6292,5.97,19996,18.98
microsoft-2,105308,csso,24532,23.29,16,0.01,59,2198,2.08,26730,25.38
microsoft-3,4179,cleancss,691,16.53,0,0,10,191,4.57,882,21.10
microsoft-3,4179,cssmin,34,0.81,146,3.49,13,735,17.58,769,18.40
microsoft-3,4179,cssnano,504,12.06,0,0,11,280,6.70,784,18.76
microsoft-3,4179,csso,819,19.59,0,0,5,90,2.15,909,21.75
microsoft-4,9000,cleancss,328,3.64,19,0.21,9,306,3.40,634,7.04
microsoft-4,9000,cssmin,0,0,19,0.21,10,342,3.80,342,3.80
microsoft-4,9000,cssnano,335,3.72,19,0.21,9,292,3.24,627,6.96
microsoft-4,9000,csso,142,1.57,19,0.21,10,340,3.77,482,5.35
msn,12145,cleancss,859,7.07,19,0.15,20,529,4.35,1388,11.42
msn,12145,cssmin,4,0.03,491,4.04,22,1082,8.90,1086,8.94
msn,12145,cssnano,4,0.03,491,4.04,22,1082,8.90,1086,8.94
msn,12145,csso,857,7.05,29,0.23,21,424,3.49,1281,10.54
netflix,311677,cleancss,69629,22.34,111,0.03,2,8714,2.79,78343,25.13
netflix,311677,cssmin,3224,1.03,57722,18.51,3,69312,22.23,72536,23.27
netflix,311677,cssnano,3224,1.03,57722,18.51,2,66325,21.28,69549,22.31
netflix,311677,csso,86112,27.62,0,0,1,3226,1.03,89338,28.66
networkx-theme,86620,cleancss,2801,3.23,150,0.17,44,2781,3.21,5582,6.44
networkx-theme,86620,cssmin,128,0.14,1141,1.31,53,3619,4.17,3747,4.32
networkx-theme,86620,cssnano,3891,4.49,309,0.35,35,2101,2.42,5992,6.91
networkx-theme,86620,csso,1926,2.22,658,0.75,24,2596,2.99,4522,5.22
nytimes,161860,cleancss,8493,5.24,131,0.08,49,3331,2.05,11824,7.30
nytimes,161860,cssmin,24,0.01,2213,1.36,43,6450,3.98,6474,3.99
nytimes,161860,cssnano,9079,5.60,83,0.05,31,2814,1.73,11893,7.34
nytimes,161860,csso,7321,4.52,5,0,18,1804,1.11,9125,5.63
openstreetmap,65710,cleancss,1280,1.94,0,0,76,1838,2.79,3118,4.74
openstreetmap,65710,cssmin,194,0.29,25,0.03,87,2589,3.94,2783,4.23
openstreetmap,65710,cssnano,1109,1.68,25,0.03,76,1849,2.81,2958,4.50
openstreetmap,65710,csso,1644,2.50,25,0.03,67,1418,2.15,3062,4.65
outlook-1,94447,cleancss,166,0.17,0,0,12,4458,4.72,4624,4.89
outlook-1,94447,cssmin,0,0,16,0.01,12,4474,4.73,4474,4.73
outlook-1,94447,cssnano,0,0,16,0.01,12,4474,4.73,4474,4.73
outlook-1,94447,csso,4259,4.50,33,0.03,5,166,0.17,4425,4.68
outlook-2,94020,cleancss,116,0.12,0,0,12,4276,4.54,4392,4.67
outlook-2,94020,cssmin,0,0,16,0.01,12,4292,4.56,4292,4.56
outlook-2,94020,cssnano,0,0,16,0.01,12,4292,4.56,4292,4.56
outlook-2,94020,csso,4049,4.30,16,0.01,6,372,0.39,4421,4.70
outlook-3,12502,cleancss,187,1.49,0,0,9,168,1.34,355,2.83
outlook-3,12502,cssmin,29,0.23,0,0,13,328,2.62,357,2.85
outlook-3,12502,cssnano,29,0.23,0,0,13,328,2.62,357,2.85
outlook-3,12502,csso,-70,-.55,0,0,14,413,3.30,343,2.74
outlook-4,15913,cleancss,48,0.30,0,0,3,55,0.34,103,0.64
outlook-4,15913,cssmin,15,0.09,0,0,3,66,0.41,81,0.50
outlook-4,15913,cssnano,15,0.09,0,0,3,66,0.41,81,0.50
outlook-4,15913,csso,26,0.16,0,0,3,55,0.34,81,0.50
qq,81982,cleancss,6370,7.76,34,0.04,58,2765,3.37,9135,11.14
qq,81982,cssmin,123,0.15,217,0.26,45,3055,3.72,3178,3.87
qq,81982,cssnano,415,0.50,158,0.19,42,2643,3.22,3058,3.73
qq,81982,csso,4574,5.57,112,0.13,55,1921,2.34,6495,7.92
reddit,311125,cleancss,6728,2.16,26,0,0,26,0,6754,2.17
reddit,311125,cssmin,1405,0.45,343,0.11,0,343,0.11,1748,0.56
reddit,311125,cssnano,14712,4.72,51,0.01,4,3576,1.14,18288,5.87
reddit,311125,csso,11554,3.71,19,0,2,469,0.15,12023,3.86
sina,83491,cleancss,5899,7.06,22,0.02,37,1381,1.65,7280,8.71
sina,83491,cssmin,159,0.19,261,0.31,3,782,0.93,941,1.12
sina,83491,cssnano,1994,2.38,22,0.02,26,1495,1.79,3489,4.17
sina,83491,csso,3773,4.51,0,0,42,1716,2.05,5489,6.57
sohu-1,224197,cleancss,8248,3.67,70,0.03,18,1525,0.68,9773,4.35
sohu-1,224197,cssmin,17,0,6663,2.97,10,7869,3.50,7886,3.51
sohu-1,224197,cssnano,7385,3.29,161,0.07,16,1066,0.47,8451,3.76
sohu-1,224197,csso,10858,4.84,1,0,12,649,0.28,11507,5.13
sohu-2,8476,cleancss,11,0.12,0,0,1,22,0.25,33,0.38
sohu-2,8476,cssmin,0,0,0,0,1,22,0.25,22,0.25
sohu-2,8476,cssnano,5,0.05,0,0,1,22,0.25,27,0.31
sohu-2,8476,csso,11,0.12,0,0,1,22,0.25,33,0.38
sohu-3,34984,cleancss,52,0.14,0,0,8,72,0.20,124,0.35
sohu-3,34984,cssmin,29,0.08,0,0,8,70,0.20,99,0.28
sohu-3,34984,cssnano,71,0.20,0,0,8,77,0.22,148,0.42
sohu-3,34984,csso,79,0.22,0,0,4,36,0.10,115,0.32
taobao-1,71310,cleancss,791,1.10,0,0,22,968,1.35,1759,2.46
taobao-1,71310,cssmin,146,0.20,0,0,51,1878,2.63,2024,2.83
taobao-1,71310,cssnano,1810,2.53,0,0,29,770,1.07,2580,3.61
taobao-1,71310,csso,1040,1.45,0,0,44,1394,1.95,2434,3.41
taobao-2,15849,cleancss,428,2.70,0,0,9,202,1.27,630,3.97
taobao-2,15849,cssmin,11,0.06,0,0,9,250,1.57,261,1.64
taobao-2,15849,cssnano,306,1.93,0,0,9,250,1.57,556,3.50
taobao-2,15849,csso,298,1.88,0,0,7,112,0.70,410,2.58
tmall-1,168381,cleancss,7645,4.54,235,0.13,23,2074,1.23,9719,5.77
tmall-1,168381,cssmin,70,0.04,2077,1.23,14,3297,1.95,3367,1.99
tmall-1,168381,cssnano,6009,3.56,173,0.10,14,1212,0.71,7221,4.28
tmall-1,168381,csso,8372,4.97,0,0,29,1645,0.97,10017,5.94
tmall-2,4492,cleancss,134,2.98,0,0,1,87,1.93,221,4.91
tmall-2,4492,cssmin,9,0.20,0,0,1,87,1.93,96,2.13
tmall-2,4492,cssnano,99,2.20,0,0,1,87,1.93,186,4.14
tmall-2,4492,csso,-25,-.55,0,0,1,87,1.93,62,1.38
tmall-3,9684,cleancss,139,1.43,0,0,5,54,0.55,193,1.99
tmall-3,9684,cssmin,3,0.03,0,0,6,117,1.20,120,1.23
tmall-3,9684,cssnano,184,1.90,0,0,4,48,0.49,232,2.39
tmall-3,9684,csso,131,1.35,0,0,3,35,0.36,166,1.71
tmall-5,24061,cleancss,1900,7.89,0,0,6,675,2.80,2575,10.70
tmall-5,24061,cssmin,20,0.08,0,0,8,1212,5.03,1232,5.12
tmall-5,24061,cssnano,1188,4.93,0,0,6,442,1.83,1630,6.77
tmall-5,24061,csso,1004,4.17,0,0,7,275,1.14,1279,5.31
tumblr-1,26517,cleancss,1031,3.88,0,0,18,637,2.40,1668,6.29
tumblr-1,26517,cssmin,11,0.04,38,0.14,26,1001,3.77,1012,3.81
tumblr-1,26517,cssnano,11,0.04,38,0.14,26,1001,3.77,1012,3.81
tumblr-1,26517,csso,1106,4.17,0,0,18,426,1.60,1532,5.77
tumblr-3,65572,cleancss,1453,2.21,0,0,29,981,1.49,2434,3.71
tumblr-3,65572,cssmin,171,0.26,0,0,38,1193,1.81,1364,2.08
tumblr-3,65572,cssnano,171,0.26,0,0,37,1193,1.81,1364,2.08
tumblr-3,65572,csso,1833,2.79,0,0,11,408,0.62,2241,3.41
tumblr-5,134664,cleancss,3863,2.86,10,0,28,2195,1.62,6058,4.49
tumblr-5,134664,cssmin,658,0.48,201,0.14,24,2519,1.87,3177,2.35
tumblr-5,134664,cssnano,658,0.48,201,0.14,24,2571,1.90,3229,2.39
tumblr-5,134664,csso,3512,2.60,0,0,26,2066,1.53,5578,4.14
twitter-1,9133,cleancss,242,2.64,44,0.48,6,225,2.46,467,5.11
twitter-1,9133,cssmin,169,1.85,44,0.48,5,240,2.62,409,4.47
twitter-1,9133,cssnano,169,1.85,44,0.48,5,240,2.62,409,4.47
twitter-1,9133,csso,373,4.08,0,0,4,74,0.81,447,4.89
twitter-2,21601,cleancss,528,2.44,0,0,20,786,3.63,1314,6.08
twitter-2,21601,cssmin,11,0.05,0,0,20,786,3.63,797,3.68
twitter-2,21601,cssnano,11,0.05,0,0,20,786,3.63,797,3.68
twitter-2,21601,csso,25,0.11,0,0,22,742,3.43,767,3.55
twitter-3,211812,cleancss,3331,1.57,2221,1.04,4,3355,1.58,6686,3.15
twitter-3,211812,cssmin,0,0,2754,1.30,13,3991,1.88,3991,1.88
twitter-3,211812,cssnano,0,0,2754,1.30,13,3991,1.88,3991,1.88
twitter-3,211812,csso,3961,1.87,1709,0.80,13,3815,1.80,7776,3.67
twitter-4,206499,cleancss,2223,1.07,72,0.03,14,4021,1.94,6244,3.02
twitter-4,206499,cssmin,0,0,202,0.09,11,2389,1.15,2389,1.15
twitter-4,206499,cssnano,0,0,202,0.09,11,2389,1.15,2389,1.15
twitter-4,206499,csso,1525,0.73,60,0.02,6,1600,0.77,3125,1.51
twitter-5,210654,cleancss,3270,1.55,0,0,4,986,0.46,4256,2.02
twitter-5,210654,cssmin,0,0,911,0.43,4,2072,0.98,2072,0.98
twitter-5,210654,cssnano,0,0,911,0.43,4,2072,0.98,2072,0.98
twitter-5,210654,csso,3998,1.89,799,0.37,3,1808,0.85,5806,2.75
w3schools,27082,cleancss,263,0.97,61,0.22,38,781,2.88,1044,3.85
w3schools,27082,cssmin,78,0.28,61,0.22,41,774,2.85,852,3.14
w3schools,27082,cssnano,613,2.26,61,0.22,36,668,2.46,1281,4.73
w3schools,27082,csso,551,2.03,0,0,32,514,1.89,1065,3.93
wikipedia,47845,cleancss,3315,6.92,0,0,61,2866,5.99,6181,12.91
wikipedia,47845,cssmin,200,0.41,186,0.38,76,3804,7.95,4004,8.36
wikipedia,47845,cssnano,5555,11.61,20,0.04,65,2551,5.33,8106,16.94
wikipedia,47845,csso,6485,13.55,0,0,49,1141,2.38,7626,15.93
wordpress-1,9632,cleancss,249,2.58,0,0,5,67,0.69,316,3.28
wordpress-1,9632,cssmin,25,0.25,0,0,9,170,1.76,195,2.02
wordpress-1,9632,cssnano,25,0.25,0,0,9,170,1.76,195,2.02
wordpress-1,9632,csso,26,0.26,0,0,8,239,2.48,265,2.75
wordpress-2,31889,cleancss,1207,3.78,13,0.04,42,958,3.00,2165,6.78
wordpress-2,31889,cssmin,211,0.66,282,0.88,59,1582,4.96,1793,5.62
wordpress-2,31889,cssnano,211,0.66,282,0.88,59,1582,4.96,1793,5.62
wordpress-2,31889,csso,921,2.88,0,0,26,1221,3.82,2142,6.71
yahoo-jp-1,97619,cleancss,3593,3.68,172,0.17,50,3170,3.24,6763,6.92
yahoo-jp-1,97619,cssmin,48,0.04,2162,2.21,33,4623,4.73,4671,4.78
yahoo-jp-1,97619,cssnano,515,0.52,2035,2.08,39,5239,5.36,5754,5.89
yahoo-jp-1,97619,csso,4210,4.31,783,0.80,49,1997,2.04,6207,6.35
yahoo-jp-2,5388,cleancss,185,3.43,0,0,3,99,1.83,284,5.27
yahoo-jp-2,5388,cssmin,49,0.90,20,0.37,3,119,2.20,168,3.11
yahoo-jp-2,5388,cssnano,380,7.05,20,0.37,3,119,2.20,499,9.26
yahoo-jp-2,5388,csso,296,5.49,20,0.37,2,44,0.81,340,6.31
yahoo-uk-2,111815,cleancss,5417,4.84,0,0,65,3846,3.43,9263,8.28
yahoo-uk-2,111815,cssmin,1369,1.22,92,0.08,58,3843,3.43,5212,4.66
yahoo-uk-2,111815,cssnano,1369,1.22,92,0.08,58,3751,3.35,5120,4.57
yahoo-uk-2,111815,csso,2907,2.59,0,0,58,3060,2.73,5967,5.33
yahoo-uk-3,55458,cleancss,5659,10.20,0,0,48,1727,3.11,7386,13.31
yahoo-uk-3,55458,cssmin,0,0,3810,6.87,53,5772,10.40,5772,10.40
yahoo-uk-3,55458,cssnano,4703,8.48,3718,6.70,67,5433,9.79,10136,18.27
yahoo-uk-3,55458,csso,1802,3.24,3808,6.86,37,4963,8.94,6765,12.19
yahoo-uk-4,11484,cleancss,434,3.77,0,0,3,54,0.47,488,4.24
yahoo-uk-4,11484,cssmin,97,0.84,0,0,3,93,0.80,190,1.65
yahoo-uk-4,11484,cssnano,2672,23.26,0,0,3,54,0.47,2726,23.73
yahoo-uk-4,11484,csso,268,2.33,0,0,2,27,0.23,295,2.56
yahoo-uk-5,18001,cleancss,655,3.63,0,0,24,648,3.59,1303,7.23
yahoo-uk-5,18001,cssmin,21,0.11,0,0,25,735,4.08,756,4.19
yahoo-uk-5,18001,cssnano,727,4.03,0,0,23,680,3.77,1407,7.81
yahoo-uk-5,18001,csso,271,1.50,0,0,21,522,2.89,793,4.40
yahoo-uk-6,25814,cleancss,194,0.75,0,0,3,34,0.13,228,0.88
yahoo-uk-6,25814,cssmin,2,0,0,0,2,22,0.08,24,0.09
yahoo-uk-6,25814,cssnano,136,0.52,49,0.18,2,71,0.27,207,0.80
yahoo-uk-6,25814,csso,15,0.05,0,0,2,22,0.08,37,0.14
youtube,230951,cleancss,8115,3.51,0,0,14,1518,0.65,9633,4.17
youtube,230951,cssmin,109,0.04,57,0.02,11,1294,0.56,1403,0.60
youtube,230951,cssnano,12488,5.40,35,0.01,12,1380,0.59,13868,6.00
youtube,230951,csso,5557,2.40,35,0.01,11,1216,0.52,6773,2.93
